1256,18
1256,12
1166,12
1256,17
1256,16
1256,6
1300,8
1309,14
1223,13
1223,12
1223,4
1220,7
1220,6
1310,11
1223,11
1223,10
1223,5
1255,8
1158,6
1158,5
1264,8
1166,11
1166,10
1166,4
1223,9
1302,9
1256,15
1156,12
1156,11
1156,10
1156,6
1166,9
1261,6
1261,5
1151,6
1151,5
1228,7
1228,6
1309,13
1256,14
1256,13
1256,11
1256,5
1256,4
1300,7
1300,6
1305,9
1310,10
1310,9
1256,10
1264,7
1264,6
1255,7
1255,6
1302,8
1302,7
1166,8
1223,8
1156,9
1309,12
1305,8
1305,7
1256,9
1223,7
1223,6
1156,8
1156,7
1309,11
1309,10
1166,7
1256,8
1256,7
1166,6
1166,5
0,392
0,499
0,495
0,490
0,487
0,486
0,483
0,482
0,481
0,479
0,476
0,474
0,469
0,6
1313,6
1313,5
1313,4
1313,3
1313,2
1313,1
1313,0
0,460
0,454
1312,4
1312,3
1312,2
1312,1
1312,0
1311,3
1311,2
1311,1
1311,0
1303,4
0,451
2,9
0,450
0,304
1310,8
1310,7
1310,6
1310,5
1310,4
1310,3
1310,2
1310,1
1310,0
1307,8
1307,7
0,12
0,11
0,8
0,9
0,10
1309,9
1309,8
1309,7
1309,6
1309,5
1309,4
1309,3
1309,2
1309,1
1309,0
1211,6
0,449
1308,4
1308,3
1308,2
1308,1
1308,0
1307,6
1307,5
1307,4
1307,3
1307,2
1307,1
1307,0
0,448
1306,4
1306,3
1306,2
1306,1
1306,0
1305,6
1305,5
1305,4
1305,3
1305,2
1305,1
1305,0
1243,6
0,381
0,380
0,379
1304,4
1304,3
1304,2
1304,1
1304,0
1136,4
1303,3
1303,2
1303,1
1303,0
1302,6
1302,5
1302,4
1302,3
1302,2
0,465
1302,1
1302,0
0,378
1301,5
1301,4
1301,3
1301,2
1301,1
1301,0
1164,6
1164,5
1300,5
1300,4
1300,3
1300,2
1300,1
1300,0
1299,4
1299,3
1299,2
1299,1
1299,0
1298,3
1298,2
1298,1
1298,0
0,377
1297,4
1297,3
1297,2
1297,1
1297,0
1296,3
1296,2
1296,1
1296,0
0,376
0,375
1295,5
1295,4
1295,3
1295,2
1295,1
1295,0
0,373
0,370
1294,4
1294,3
1294,2
1294,1
1294,0
1293,3
1293,2
1293,1
1293,0
0,374
0,372
0,371
1292,5
1292,4
1292,3
1292,2
1292,1
1292,0
0,303
1291,4
1291,3
1291,2
1291,1
1291,0
1290,3
1290,2
1290,1
1290,0
1289,5
1289,4
1289,3
1289,2
1289,1
1289,0
1288,4
1288,3
1288,2
1288,1
1288,0
1287,3
1287,2
1287,1
1287,0
0,369
1286,5
1286,4
1286,3
1286,2
1286,1
1286,0
1285,4
1285,3
1285,2
1285,1
1285,0
1284,3
1284,2
1284,1
1284,0
1283,5
1283,4
1283,3
1283,2
1283,1
1283,0
1282,4
1282,3
1282,2
1282,1
1282,0
1281,3
1281,2
1281,1
1281,0
0,367
0,366
1280,5
1280,4
1280,3
1280,2
1280,1
1280,0
0,364
1279,4
1279,3
1279,2
1279,1
1279,0
1278,3
1278,2
1278,1
1278,0
1277,3
1277,2
1277,1
1277,0
0,385
0,447
1276,5
1276,4
1276,3
1276,2
1276,1
1276,0
1275,4
1275,3
1275,2
1275,1
1275,0
1274,3
1274,2
1274,1
1274,0
2,8
2,7
1273,6
1273,5
1273,4
1273,3
1273,2
1273,1
1273,0
0,362
0,243
1272,5
1272,4
1272,3
1272,2
1272,1
1272,0
0,360
2,42
1271,4
1271,3
1271,2
1271,1
1271,0
1270,3
1270,2
1270,1
1270,0
1269,4
1269,3
1269,2
1269,1
1269,0
2,41
2,40
0,359
2,1
2,39
1268,5
1268,4
1268,3
1268,2
1268,1
1268,0
2,6
2,5
0,358
1267,4
1267,3
1267,2
1267,1
1267,0
1266,3
1266,2
1266,1
1266,0
1265,4
1265,3
1265,2
1265,1
1265,0
0,394
1264,5
1264,4
1264,3
1264,2
1264,1
1264,0
0,357
0,356
1263,4
1263,3
1263,2
1263,1
1263,0
1262,3
1262,2
1262,1
1262,0
0,333
1261,4
1261,3
1261,2
0,462
1261,1
1261,0
1260,3
1260,2
1260,1
1260,0
0,505
1259,4
1259,3
1259,2
1259,1
1259,0
1258,3
1258,2
1258,1
1258,0
0,355
1257,6
1257,5
1257,4
1257,3
1257,2
1257,1
1257,0
0,354
0,353
1256,3
1256,2
0,327
1256,1
1256,0
0,404
1255,5
1255,4
1255,3
1255,2
1255,1
1255,0
0,352
0,351
1254,4
1254,3
1254,2
0,445
1254,1
1254,0
0,311
1253,4
1253,3
1253,2
1253,1
1253,0
1252,6
0,463
0,350
1252,5
1252,4
1252,3
1252,2
1252,1
1252,0
0,478
1251,4
1251,3
1251,2
1251,1
1251,0
1250,3
1250,2
1250,1
1250,0
0,349
0,348
0,347
1249,5
1249,4
1249,3
1249,2
1249,1
1249,0
0,346
1248,5
1248,4
1248,3
1248,2
1248,1
1248,0
0,429
0,403
1247,4
1247,3
1247,2
1247,1
1247,0
0,322
0,416
0,436
0,345
1246,5
1246,4
1246,3
1246,2
1246,1
1246,0
0,344
1245,4
1245,3
1245,2
1245,1
1245,0
1244,3
1244,2
1244,1
1244,0
0,484
0,315
1243,5
1243,4
1243,3
1243,2
1243,1
1243,0
0,421
0,314
0,507
2,2
1242,5
1242,4
1242,3
1242,2
1242,1
1242,0
0,342
0,452
0,430
0,407
0,400
1241,4
1241,3
1241,2
0,470
1241,1
1241,0
0,326
1240,3
1240,2
0,313
1240,1
1240,0
0,325
0,343
0,506
0,406
1239,3
1239,2
0,2
0,301
1239,1
1239,0
0,405
0,420
0,471
0,396
1238,4
0,444
0,293
0,289
0,275
0,271
0,266
0,261
0,260
0,250
0,246
0,245
0,244
0,242
0,241
0,240
0,239
0,238
0,237
0,236
0,235
0,234
0,233
0,232
0,231
0,230
0,229
0,228
0,227
0,226
0,225
0,211
0,207
0,202
0,197
0,196
0,58
0,54
0,224
0,428
0,341
0,223
0,222
1238,3
1238,2
0,334
1238,1
1238,0
0,221
0,438
0,218
0,387
0,220
0,480
0,219
0,324
0,217
0,441
0,340
0,216
0,215
0,426
0,214
0,427
0,213
0,418
0,212
0,318
0,210
0,312
0,209
0,425
0,208
1237,4
1237,3
1237,2
0,417
1237,1
1237,0
0,339
0,206
0,338
0,205
0,204
1236,3
1236,2
0,440
1236,1
1236,0
0,203
0,419
0,201
0,437
0,200
0,509
0,199
0,309
0,198
1235,5
0,415
0,193
0,494
0,195
0,365
0,194
0,317
0,192
0,316
0,63
0,306
0,62
0,402
0,61
0,391
0,60
0,443
0,59
0,498
0,57
0,390
0,56
0,489
0,55
1235,4
1235,3
1235,2
0,384
1235,1
1235,0
0,53
0,389
0,52
0,398
0,51
1234,3
1234,2
0,332
1234,1
1234,0
0,50
0,49
0,323
0,48
0,393
0,47
1233,3
1233,2
0,321
1233,1
1233,0
0,46
0,501
0,300
0,382
0,45
0,424
0,435
0,299
0,508
0,298
0,468
0,297
0,331
0,296
0,472
0,295
0,330
0,294
0,423
0,292
0,399
0,291
0,467
0,290
1232,4
1232,3
1232,2
0,329
1232,1
1232,0
0,337
0,288
0,287
0,434
0,286
1231,3
1231,2
0,433
1231,1
1231,0
0,285
0,320
0,282
0,432
0,284
0,466
0,283
0,497
0,281
0,475
0,280
0,500
0,279
0,496
0,278
0,492
0,277
0,328
0,336
0,276
0,274
0,439
0,273
0,422
0,272
1230,4
1230,3
1230,2
0,414
1230,1
1230,0
0,270
0,442
0,269
0,413
0,268
1229,3
1229,2
0,401
1229,1
1229,0
0,267
0,395
0,265
0,411
0,264
0,412
0,263
0,410
0,262
1228,5
0,473
0,493
0,459
0,257
0,409
0,310
0,259
0,503
0,258
0,397
0,256
0,511
0,255
0,491
0,254
0,388
2,0
2,15
0,253
0,319
2,16
0,335
0,408
0,0
0,252
0,251
0,510
0,249
0,431
2,14
2,3
0,248
0,485
1,3
0,247
0,305
0,446
0,302
1228,4
1228,3
1228,2
0,504
0,307
0,308
0,461
0,502
0,1
1228,1
1228,0
0,7
1227,3
1227,2
1227,1
1227,0
1226,5
1226,4
1226,3
1226,2
1226,1
1226,0
1225,4
1225,3
1225,2
1225,1
1225,0
2,38
1224,3
1224,2
1224,1
1224,0
1223,3
1223,2
1223,1
1223,0
1222,4
1222,3
1222,2
1222,1
1222,0
1221,3
1221,2
1221,1
1221,0
1220,5
1220,4
1220,3
1220,2
1220,1
1220,0
1219,4
1219,3
1219,2
1219,1
1219,0
1218,3
1218,2
1218,1
1218,0
1217,4
1217,3
1217,2
1217,1
1217,0
1216,3
1216,2
1216,1
1216,0
1215,4
1215,3
1215,2
1215,1
1215,0
1214,3
1214,2
1214,1
1214,0
1213,4
1213,3
1213,2
1213,1
1213,0
1212,3
1212,2
1212,1
1212,0
1211,5
1211,4
1211,3
1211,2
1211,1
1211,0
1210,4
1210,3
1210,2
1210,1
1210,0
1209,3
1209,2
1209,1
1209,0
1208,3
1208,2
1208,1
1208,0
1207,5
1207,4
1207,3
1207,2
1207,1
1207,0
1206,4
1206,3
1206,2
1206,1
1206,0
1205,3
1205,2
1205,1
1205,0
1204,4
1204,3
1204,2
1204,1
1204,0
1203,3
1203,2
1203,1
1203,0
1202,4
1202,3
1202,2
1202,1
1202,0
1201,3
1201,2
1201,1
1201,0
1200,5
1200,4
1200,3
1200,2
1200,1
1200,0
1199,4
1199,3
1199,2
1199,1
1199,0
1198,3
1198,2
1198,1
1198,0
1197,4
1197,3
1197,2
1197,1
1197,0
1196,3
1196,2
1196,1
1196,0
1195,3
1195,2
1195,1
1195,0
1194,4
1194,3
1194,2
1194,1
1194,0
1193,3
1193,2
1193,1
1193,0
1192,3
1192,2
1192,1
1192,0
1191,3
1191,2
1191,1
1191,0
1190,4
1190,3
1190,2
1190,1
1190,0
1189,3
1189,2
1189,1
1189,0
1188,5
1188,4
1188,3
1188,2
1188,1
1188,0
1187,4
1187,3
1187,2
1187,1
1187,0
1186,3
1186,2
1186,1
1186,0
1185,4
1185,3
1185,2
1185,1
1185,0
1184,3
1184,2
1184,1
1184,0
1183,4
1183,3
1183,2
1183,1
1183,0
1182,3
1182,2
1182,1
1182,0
1181,3
1181,2
1181,1
1181,0
1180,3
1180,2
1180,1
1180,0
1179,4
1179,3
1179,2
1179,1
1179,0
1178,3
1178,2
1178,1
1178,0
1177,4
1177,3
1177,2
1177,1
1177,0
1176,3
1176,2
1176,1
1176,0
1175,3
1175,2
1175,1
1175,0
1174,6
1174,5
1174,4
1174,3
1174,2
1174,1
1174,0
1173,4
1173,3
1173,2
1173,1
1173,0
1172,3
1172,2
1172,1
1172,0
1171,4
1171,3
1171,2
1171,1
1171,0
1170,3
1170,2
1170,1
1170,0
1169,5
1169,4
1169,3
1169,2
1169,1
1169,0
1168,4
1168,3
1168,2
1168,1
1168,0
1167,3
1167,2
1167,1
1167,0
1166,3
1166,2
1166,1
1166,0
1165,3
1165,2
1165,1
1165,0
1164,4
1164,3
1164,2
1164,1
1164,0
1163,3
1163,2
1163,1
1163,0
1162,4
1162,3
1162,2
1162,1
1162,0
1161,3
1161,2
1161,1
1161,0
1160,4
1160,3
1160,2
1160,1
1160,0
1159,3
1159,2
1159,1
1159,0
1158,4
1158,3
1158,2
1158,1
1158,0
1157,3
1157,2
1157,1
1157,0
1156,5
1156,4
1156,3
1156,2
1156,1
1156,0
1155,4
1155,3
1155,2
1155,1
1155,0
1154,3
1154,2
1154,1
1154,0
1153,3
1153,2
1153,1
1153,0
1152,3
1152,2
1152,1
1152,0
1151,4
1151,3
1151,2
1151,1
1151,0
1150,3
1150,2
1150,1
1150,0
1149,4
1149,3
1149,2
1149,1
1149,0
1148,3
1148,2
1148,1
1148,0
1147,4
1147,3
1147,2
1147,1
1147,0
1146,3
1146,2
1146,1
1146,0
1145,4
1145,3
1145,2
1145,1
1145,0
1144,3
1144,2
1144,1
1144,0
1143,4
1143,3
1143,2
1143,1
1143,0
1142,4
1142,3
1142,2
1142,1
1142,0
1141,5
1141,4
1141,3
1141,2
1141,1
1141,0
1140,4
1140,3
1140,2
1140,1
1140,0
1139,3
1139,2
1139,1
1139,0
1138,5
1138,4
1138,3
1138,2
1138,1
1138,0
1137,3
1137,2
1137,1
1137,0
1136,3
1136,2
1136,1
1136,0
1135,5
1135,4
1135,3
1135,2
1135,1
1135,0
1134,3
1134,2
1134,1
1134,0
1133,4
1133,3
1133,2
1133,1
1133,0
1132,4
1132,3
1132,2
1132,1
1132,0
1131,3
1131,2
1131,1
1131,0
1130,4
1130,3
1130,2
1130,1
1130,0
1129,3
1129,2
1129,1
1129,0
1128,3
1128,2
1128,1
1128,0
1127,3
1127,2
1127,1
1127,0
0,386
1069,18
1069,12
979,12
1069,17
1069,16
1069,6
1113,8
1122,14
1036,13
1036,12
1036,4
1033,7
1033,6
1123,11
1036,11
1036,10
1036,5
1068,8
971,6
971,5
1077,8
979,11
979,10
979,4
1036,9
1115,9
1069,15
969,12
969,11
969,10
969,6
979,9
1074,6
1074,5
964,6
964,5
1041,7
1041,6
1122,13
1069,14
1069,13
1069,11
1069,5
1069,4
1113,7
1113,6
1118,9
1123,10
1123,9
1069,10
1077,7
1077,6
1068,7
1068,6
1115,8
1115,7
979,8
1036,8
969,9
1122,12
1118,8
1118,7
1069,9
1036,7
1036,6
969,8
969,7
1122,11
1122,10
979,7
1069,8
1069,7
979,6
979,5
1126,6
1126,5
1126,4
1126,3
1126,2
1126,1
1126,0
1125,4
1125,3
1125,2
1125,1
1125,0
1124,3
1124,2
1124,1
1124,0
1116,4
1123,8
1123,7
1123,6
1123,5
1123,4
1123,3
1123,2
1123,1
1123,0
1120,8
1120,7
1122,9
1122,8
1122,7
1122,6
1122,5
1122,4
1122,3
1122,2
1122,1
1122,0
1024,6
1121,4
1121,3
1121,2
1121,1
1121,0
1120,6
1120,5
1120,4
1120,3
1120,2
1120,1
1120,0
1119,4
1119,3
1119,2
1119,1
1119,0
1118,6
1118,5
1118,4
1118,3
1118,2
1118,1
1118,0
1056,6
1117,4
1117,3
1117,2
1117,1
1117,0
949,4
1116,3
1116,2
1116,1
1116,0
1115,6
1115,5
1115,4
1115,3
1115,2
1115,1
1115,0
1114,5
1114,4
1114,3
1114,2
1114,1
1114,0
977,6
977,5
1113,5
1113,4
1113,3
1113,2
1113,1
1113,0
1112,4
1112,3
1112,2
1112,1
1112,0
1111,3
1111,2
1111,1
1111,0
1110,4
1110,3
1110,2
1110,1
1110,0
1109,3
1109,2
1109,1
1109,0
1108,5
1108,4
1108,3
1108,2
1108,1
1108,0
0,368
0,363
1107,4
1107,3
1107,2
1107,1
1107,0
2,37
1106,3
1106,2
1106,1
1106,0
1105,5
1105,4
1105,3
1105,2
1105,1
1105,0
1104,4
1104,3
1104,2
1104,1
1104,0
1103,3
1103,2
1103,1
1103,0
1102,5
1102,4
1102,3
1102,2
1102,1
1102,0
1101,4
1101,3
1101,2
1101,1
1101,0
1100,3
1100,2
1100,1
1100,0
1099,5
1099,4
1099,3
1099,2
1099,1
1099,0
1098,4
1098,3
1098,2
1098,1
1098,0
1097,3
1097,2
1097,1
1097,0
1096,5
1096,4
1096,3
1096,2
1096,1
1096,0
1095,4
1095,3
1095,2
1095,1
1095,0
1094,3
1094,2
1094,1
1094,0
1093,5
1093,4
1093,3
1093,2
1093,1
1093,0
1092,4
1092,3
1092,2
1092,1
1092,0
1091,3
1091,2
1091,1
1091,0
1090,3
1090,2
1090,1
1090,0
1089,5
1089,4
1089,3
1089,2
1089,1
1089,0
1088,4
1088,3
1088,2
1088,1
1088,0
1087,3
1087,2
1087,1
1087,0
1086,6
1086,5
1086,4
1086,3
1086,2
1086,1
1086,0
1085,5
1085,4
1085,3
1085,2
1085,1
1085,0
1084,4
1084,3
1084,2
1084,1
1084,0
1083,3
1083,2
1083,1
1083,0
1082,4
1082,3
1082,2
1082,1
1082,0
1081,5
1081,4
1081,3
1081,2
1081,1
1081,0
2,36
1080,4
1080,3
1080,2
1080,1
1080,0
1079,3
1079,2
1079,1
1079,0
1078,4
1078,3
1078,2
1078,1
1078,0
1077,5
1077,4
1077,3
1077,2
1077,1
1077,0
1076,4
1076,3
1076,2
1076,1
1076,0
1075,3
1075,2
1075,1
1075,0
1074,4
1074,3
1074,2
1074,1
1074,0
1073,3
1073,2
1073,1
1073,0
1072,4
1072,3
1072,2
1072,1
1072,0
1071,3
1071,2
1071,1
1071,0
1070,6
1070,5
1070,4
1070,3
1070,2
1070,1
1070,0
1069,3
1069,2
1069,1
1069,0
1068,5
1068,4
1068,3
1068,2
1068,1
1068,0
1067,4
1067,3
1067,2
1067,1
1067,0
1066,4
1066,3
1066,2
1066,1
1066,0
1065,6
2,35
1065,5
1065,4
1065,3
1065,2
1065,1
1065,0
1064,4
1064,3
1064,2
1064,1
1064,0
1063,3
1063,2
1063,1
1063,0
1062,5
1062,4
1062,3
1062,2
1062,1
1062,0
1061,5
1061,4
1061,3
1061,2
1061,1
1061,0
1060,4
1060,3
1060,2
1060,1
1060,0
1059,5
1059,4
1059,3
1059,2
1059,1
1059,0
1058,4
1058,3
1058,2
1058,1
1058,0
1057,3
1057,2
1057,1
1057,0
1056,5
1056,4
1056,3
1056,2
1056,1
1056,0
1055,5
1055,4
1055,3
1055,2
1055,1
1055,0
1054,4
1054,3
1054,2
1054,1
1054,0
1053,3
1053,2
1053,1
1053,0
1052,3
1052,2
1052,1
1052,0
1051,4
1051,3
1051,2
1051,1
1051,0
1050,4
1050,3
1050,2
1050,1
1050,0
1049,3
1049,2
1049,1
1049,0
1048,5
1048,4
1048,3
1048,2
1048,1
1048,0
1047,3
1047,2
1047,1
1047,0
1046,3
1046,2
1046,1
1046,0
1045,4
1045,3
1045,2
1045,1
1045,0
1044,3
1044,2
1044,1
1044,0
1043,4
1043,3
1043,2
1043,1
1043,0
1042,3
1042,2
1042,1
1042,0
1041,5
1041,4
1041,3
1041,2
1041,1
1041,0
1040,3
1040,2
1040,1
1040,0
1039,5
1039,4
1039,3
1039,2
1039,1
1039,0
1038,4
1038,3
1038,2
1038,1
1038,0
2,34
1037,3
1037,2
1037,1
1037,0
1036,3
1036,2
1036,1
1036,0
1035,4
1035,3
1035,2
1035,1
1035,0
1034,3
1034,2
1034,1
1034,0
1033,5
1033,4
1033,3
1033,2
1033,1
1033,0
1032,4
1032,3
1032,2
1032,1
1032,0
1031,3
1031,2
1031,1
1031,0
1030,4
1030,3
1030,2
1030,1
1030,0
1029,3
1029,2
1029,1
1029,0
1028,4
1028,3
1028,2
1028,1
1028,0
1027,3
1027,2
1027,1
1027,0
1026,4
1026,3
1026,2
1026,1
1026,0
1025,3
1025,2
1025,1
1025,0
1024,5
1024,4
1024,3
1024,2
1024,1
1024,0
1023,4
1023,3
1023,2
1023,1
1023,0
1022,3
1022,2
1022,1
1022,0
1021,3
1021,2
1021,1
1021,0
1020,5
1020,4
1020,3
1020,2
1020,1
1020,0
1019,4
1019,3
1019,2
1019,1
1019,0
1018,3
1018,2
1018,1
1018,0
1017,4
1017,3
1017,2
1017,1
1017,0
1016,3
1016,2
1016,1
1016,0
1015,4
1015,3
1015,2
1015,1
1015,0
1014,3
